 ###	      chrg	 sigma (A)	eps (kJ/mol)
   N	  -0.90000	   3.30000	   0.71128
  H1	   0.36000	   0.00000	   0.00000
  H2	   0.36000	   0.00000	   0.00000
  CA	   0.12000	   3.50000	   0.27614
  HA	   0.06000	   2.50000	   0.12552
  CB	  -0.00500	   3.50000	   0.27614
 HB1	   0.06000	   2.50000	   0.12552
 HB2	   0.06000	   2.50000	   0.12552
  CG	  -0.11500	   3.55000	   0.29288
 CD1	  -0.11500	   3.55000	   0.29288
 HD1	   0.11500	   2.42000	   0.12552
 CD2	  -0.11500	   3.55000	   0.29288
 HD2	   0.11500	   2.42000	   0.12552
 CE1	  -0.11500	   3.55000	   0.29288
 HE1	   0.11500	   2.42000	   0.12552
 CE2	  -0.11500	   3.55000	   0.29288
 HE2	   0.11500	   2.42000	   0.12552
  CZ	  -0.11500	   3.55000	   0.29288
  HZ	   0.11500	   2.42000	   0.12552
   C	   0.50000	   3.75000	   0.43932
   O	  -0.50000	   2.96000	   0.87864
   N	  -0.50000	   3.25000	   0.71128
   H	   0.30000	   0.00000	   0.00000
  CA	   0.14000	   3.50000	   0.27614
  HA	   0.06000	   2.50000	   0.12552
  CB	  -0.00500	   3.50000	   0.27614
 HB1	   0.06000	   2.50000	   0.12552
 HB2	   0.06000	   2.50000	   0.12552
  CG	  -0.11500	   3.55000	   0.29288
 CD1	  -0.11500	   3.55000	   0.29288
 HD1	   0.11500	   2.42000	   0.12552
 CD2	  -0.11500	   3.55000	   0.29288
 HD2	   0.11500	   2.42000	   0.12552
 CE1	  -0.11500	   3.55000	   0.29288
 HE1	   0.11500	   2.42000	   0.12552
 CE2	  -0.11500	   3.55000	   0.29288
 HE2	   0.11500	   2.42000	   0.12552
  CZ	  -0.11500	   3.55000	   0.29288
  HZ	   0.11500	   2.42000	   0.12552
   C	   0.50000	   3.75000	   0.43932
   O	  -0.50000	   2.96000	   0.87864
   N	  -0.50000	   3.25000	   0.71128
   H	   0.30000	   0.00000	   0.00000
  CA	   0.14000	   3.50000	   0.27614
  HA	   0.06000	   2.50000	   0.12552
  CB	  -0.00500	   3.50000	   0.27614
 HB1	   0.06000	   2.50000	   0.12552
 HB2	   0.06000	   2.50000	   0.12552
  CG	  -0.11500	   3.55000	   0.29288
 CD1	  -0.11500	   3.55000	   0.29288
 HD1	   0.11500	   2.42000	   0.12552
 CD2	  -0.11500	   3.55000	   0.29288
 HD2	   0.11500	   2.42000	   0.12552
 CE1	  -0.11500	   3.55000	   0.29288
 HE1	   0.11500	   2.42000	   0.12552
 CE2	  -0.11500	   3.55000	   0.29288
 HE2	   0.11500	   2.42000	   0.12552
  CZ	  -0.11500	   3.55000	   0.29288
  HZ	   0.11500	   2.42000	   0.12552
   C	   0.52000	   3.75000	   0.43932
  OT	  -0.44000	   2.96000	   0.87864
   O	  -0.53000	   3.00000	   0.71128
  HO	   0.45000	   0.00000	   0.00000
