          22

C     0.3669000   0.6357000   0.0027000
C     1.7643000   0.6357000   0.0027000
C     2.4591000   1.8426000   0.0027000
C     1.7629000   3.0504000   0.0070000
C     0.3689000   3.0511000   0.0089000
C    -0.3304000   1.8468000   0.0044000
H     2.3058000  -0.3085000  -0.0039000
H     3.5472000   1.8417000  -0.0009000
H     2.3073000   3.9919000   0.0088000
H    -0.1748000   3.9937000   0.0140000
H    -1.4189000   1.8450000   0.0090000
C    -0.3678000  -0.6352000  -0.0007000
C    -0.1487000  -1.5726000   1.0122000
C    -0.8478000  -2.7770000   1.0074000
C    -1.7621000  -3.0508000  -0.0086000
C    -1.9794000  -2.1172000  -1.0207000
C    -1.2860000  -0.9095000  -1.0177000
H     0.5635000  -1.3554000   1.8062000
H    -0.6792000  -3.5048000   1.7986000
H    -2.3059000  -3.9927000  -0.0116000
H    -2.6916000  -2.3315000  -1.8150000
H    -1.4517000  -0.1804000  -1.8089000
